200.0 0.9977445879623542 0.0022549397133961513 1.5727057806829762e-10 1.096483309993581e-111 4.721669788777652e-07
201.0 0.9976753195537752 0.0023241726572695853 1.759484116071617e-10 4.091732967657726e-111 5.076130069313329e-07
202.0 0.9976046454120564 0.0023948090634388812 1.966254602774645e-10 1.5071247441255608e-110 5.453278791706185e-07
203.0 0.9975325550871993 0.0024668592631545525 2.1949155702496586e-10 5.480389898186381e-110 5.854301545534575e-07
204.0 0.9974590383503834 0.0025403333618148425 2.4475216543501675e-10 1.967777970422738e-109 6.280430495242772e-07
205.0 0.9973840851951005 0.0026152412377215893 2.72629456555132e-10 6.977880874279495e-109 6.732945484472198e-07
206.0 0.9973076858381565 0.002691592540965936 3.0336344388630425e-10 2.4441772902243575e-108 7.213175139718566e-07
207.0 0.9972298307205485 0.00276939669244099 3.3721317865233467e-10 8.458257615636467e-108 7.722497972452972e-07
208.0 0.9971505105082153 0.0028486628829788307 3.744580074778668e-10 2.892304599418537e-107 8.262343478844507e-07
209.0 0.9970697160926684 0.0029294000726089193 4.153988946248484e-10 9.774543362449334e-107 8.834193236222241e-07
210.0 0.9969874385915056 0.003011616989935175 4.6035981095370464e-10 3.2652110154265143e-106 9.439581995415781e-07
211.0 0.9969036693488049 0.003095322131628979 5.096891917896021e-10 1.0783505565634406e-105 1.0080098768117112e-06
212.0 0.9968183999354123 0.003180523762035183 5.637614658855585e-10 3.521379896856739e-105 1.0757387908409324e-06
213.0 0.996731622149114 0.003267229912888434 6.229786576829496e-10 1.1372054599208204e-104 1.1473150187613565e-06
214.0 0.9966433280147048 0.0033554483831369324 6.877720650759161e-10 3.6325013709922195e-104 1.2229143861610613e-06
215.0 0.9965535097839524 0.0034451867388709087 7.586040148894693e-10 1.147835962753491e-103 1.3027185729801834e-06
216.0 0.9964621599354587 0.0035364523133530014 8.359696982813128e-10 3.5886096702292824e-103 1.3869152184880798e-06
217.0 0.9963692711744278 0.0036292522071477967 9.203990882749563e-10 1.1102197216779723e-102 1.4756980252597048e-06
218.0 0.9962748364323314 0.0037235932883477253 1.0124589416260386e-09 3.3993099219809555e-102 1.5692668620702163e-06
219.0 0.9961788488664868 0.0038194821928927195 1.1127548872154383e-09 1.030227976038153e-101 1.6678278656280842e-06
220.0 0.9960813018595447 0.00391692532498075 1.2219336031510528e-09 3.0909870963569056e-101 1.771593541067933e-06
221.0 0.9959821890188871 0.004015928857566742 1.3406850847457058e-09 9.182094293311847e-101 1.8807828611257995e-06
222.0 0.9958815041759441 0.004116498732947027 1.4697450055208456e-09 2.701004853475642e-100 1.995621363920629e-06
223.0 0.9957792413854266 0.004218640663426858 1.6098971733651486e-09 7.86874281271857e-100 2.116341249267436e-06
224.0 0.9956753949244823 0.004322360132068259 1.7619760839531944e-09 2.2705861975731063e-99 2.243181473448863e-06
225.0 0.9955699592917724 0.0044276623935157276 1.9268695735025804e-09 6.490506346493416e-99 2.3763878423735652e-06
226.0 0.995462929206478 0.004534552474897182 2.1055215729177615e-09 1.8381519718173158e-98 2.5162131030513174e-06
227.0 0.995354299607234 0.00464303517679763 2.2989349653359538e-09 5.158219878392325e-98 2.6629170333165593e-06
228.0 0.9952440656509927 0.004753115074303176 2.5081745490542962e-09 1.4344529323388483e-97 2.8167665297337867e-06
229.0 0.9951322227118236 0.004864796518112759 2.734370107778126e-09 3.9535958228790996e-97 2.978035693619844e-06
230.0 0.9950187663796498 0.00497808363571535 2.9787195900884085e-09 1.080110913321085e-96 3.1470059151203033e-06
231.0 0.9949036924589221 0.005092980332630196 3.2424923999808516e-09 2.925258735456096e-96 3.3239659552787316e-06
232.0 0.9947869969672337 0.0052094902937076856 3.5270328002813655e-09 7.854687867980822e-96 3.509212026039716e-06
233.0 0.9946686761338798 0.005327616984488674 3.833763430691372e-09 2.091271049661766e-95 3.7030478681284483e-06
234.0 0.9945487263983643 0.005447363652619829 4.1641889421628044e-09 5.521482200625887e-95 3.905784826751708e-06
235.0 0.9944271444088519 0.005568733329323022 4.51989974924584e-09 1.4458105571833789e-94 4.117741925067124e-06
236.0 0.9943039270205724 0.005691728830916276 4.9025759019931105e-09 3.755113695647822e-94 4.339245935369624e-06
237.0 0.9941790712941767 0.005816352760384296 5.313991078941813e-09 9.674658068738252e-94 4.570631447946016e-06
238.0 0.9940525744940492 0.005942607508996501 5.756016702631047e-09 2.4728233304019923e-93 4.812240937551062e-06
239.0 0.9939244340865759 0.006070495257970409 6.2306261790438544e-09 6.271029502911796e-93 5.064424827460164e-06
240.0 0.9937946477383715 0.006200017980178305 6.739899262294064e-09 1.578030976469223e-92 5.327541551056148e-06
241.0 0.993663213314467 0.006331177441895322 7.286026545805897e-09 3.9406245463535384e-92 5.601957610909753e-06
242.0 0.9935301288764639 0.006463975204586869 7.871314081160148e-09 9.766268994012238e-92 5.888047635315692e-06
243.0 0.9933953926806459 0.006598412626733575 8.49818812570369e-09 2.4024090319058775e-91 6.186194432248142e-06
244.0 0.9932590031760674 0.006734490865691921 9.16920001994106e-09 5.866239098043506e-91 6.496789040702067e-06
245.0 0.993120959002601 0.006872210879588457 9.887031195645054e-09 1.4220221042522264e-90 6.8202307793882895e-06
246.0 0.992981258988963 0.007011573429246198 1.0654498315541995e-08 3.4223570422885447e-90 7.1569272927534235e-06
247.0 0.992839902150706 0.0071525790801412305 1.1474558545341689e-08 8.178141941010823e-90 7.507294594297024e-06
248.0 0.9926968876881902 0.007295228204387742 1.2350314958796293e-08 1.940580648960966e-89 7.87175710716098e-06
249.0 0.9925522149845258 0.007439520982750018 1.3285022076384338e-08 4.572916150555198e-89 8.25074770196825e-06
250.0 0.9924058836034969 0.007585457406679619 1.4282091538127068e-08 1.0702258735847023e-88 8.644707731890261e-06
251.0 0.992257893287461 0.007733037280376181 1.534509791095289e-08 2.4877911625466633e-88 9.054087064924177e-06
252.0 0.9921082439552315 0.007882260222870283 1.6477784630934114e-08 5.744387085262618e-88 9.479344113363838e-06
253.0 0.9919569356999425 0.00803312567012689 1.7684070080626407e-08 1.317647544028587e-87 9.920945860449714e-06
254.0 0.9918039687868943 0.008185632877167821 1.896805380164736e-08 3.0027179384913556e-87 1.0379367884185837e-05
255.0 0.9916493436513871 0.008339780920211908 2.0334022842534907e-08 6.798654137045958e-87 1.0855094378313382e-05
256.0 0.9914930608965399 0.008495568698831354 2.1786458241830425e-08 1.5295277837018595e-86 1.1348618170432893e-05
257.0 0.9913351212910982 0.008652994938122879 2.3330041646233273e-08 3.41940212613695e-86 1.1860440737268675e-05
258.0 0.9911755257672282 0.008812058190892468 2.4969662063577783e-08 7.596844557635958e-86 1.2391072217071645e-05
259.0 0.9910142754183059 0.008972756839852351 2.6710422750284177e-08 1.677405015831954e-85 1.2941031419158364e-05
260.0 0.9908513714966924 0.009135089099828811 2.8557648232835365e-08 3.6812487500411525e-85 1.3510845830585476e-05
261.0 0.9906868154115087 0.009299053019979938 3.0516891462736266e-08 8.030366095114127e-85 1.4101051619962197e-05
262.0 0.990520608726399 0.009464646486021702 3.2593941104308896e-08 1.7413594839325913e-84 1.4712193638403446e-05
263.0 0.9903527531572921 0.009631867222461605 3.479482895458035e-08 3.753910721613946e-84 1.534482541762956e-05
264.0 0.990183250570159 0.009800712794838365 3.712583749442031e-08 8.045460606189806e-84 1.5999509165219353e-05
265.0 0.9900121029787684 0.009971180611967043 3.9593507569987114e-08 1.71442294975367e-83 1.6676815757025973e-05
266.0 0.989839312542439 0.010143267928188038 4.220464620344046e-08 3.632564240597654e-83 1.7377324726765568e-05
267.0 0.9896648815637934 0.01031697184561924 4.4966334531783505e-08 7.653580817287201e-83 1.8101624252791574e-05
268.0 0.9894888124865115 0.01049228931641035 4.7885935872596e-08 1.6036124862524418e-82 1.8850311142068413e-05
269.0 0.9893111078930866 0.01066921714499812 5.097110391532631e-08 3.3415234798099066e-82 1.9623990811360175e-05
270.0 0.9891317705025813 0.010847751990361974 5.4229791036710275e-08 6.92510688547266e-82 2.0423277265651496e-05
271.0 0.9889508031683905 0.0110278903682788 5.767025673879251e-08 1.4274847368276062e-81 2.124879307381948e-05
272.0 0.988768208876006 0.011209628653576149 6.130107620792617e-08 2.926882329129895e-81 2.2101169341576336e-05
273.0 0.9885839907407863 0.01139296308238297 6.513114899303894e-08 5.969710074484765e-81 2.298104568170478e-05
274.0 0.9883981520057338 0.011577889754377065 6.916970780135553e-08 1.2112685038188039e-80 2.3889070181609183e-05
275.0 0.9882106960392756 0.011764404635028675 7.342632740967848e-08 2.4450709943765807e-80 2.4825899368206838e-05
276.0 0.9880216263330573 0.01195250355783887 7.791093368923415e-08 4.910556203408695e-80 2.5792198170184347e-05
277.0 0.987830946499737 0.012142182226572738 8.263381274200836e-08 9.81255287594139e-80 2.67886398776473e-05
278.0 0.9876386602707948 0.012333436217486051 8.760562014640223e-08 1.9510529193592635e-79 2.781590609919023e-05
279.0 0.9874447714943482 0.01252626098154514 9.283739030995627e-08 3.8602467755936826e-79 2.887468671641715e-05
280.0 0.987249284132979 0.012720651846639114 9.834054592680422e-08 7.600514682862343e-79 2.996567983594247e-05
281.0 0.9870522022615701 0.01291660401978362 1.0412690753743503e-07 1.4892769099722314e-78 3.108959173890386e-05
282.0 0.9868535300651526 0.013114112589316055 1.1020870318826422e-07 2.9042548048226347e-78 3.224713682802062e-05
283.0 0.9866532718367684 0.013313172527081167 1.1659857818843083e-07 5.636931464450793e-78 3.343903757223023e-05
284.0 0.9864514319753397 0.013513778690606486 1.2330960496115852e-07 1.0889833309518033e-77 3.4666024448937513e-05
285.0 0.9862480149835556 0.013715925825267516 1.3035529298695324e-07 2.0940715034308876e-77 3.592883588391344e-05
286.0 0.9860430254657709 0.013919608566441484 1.3774959883582114e-07 4.008433085482519e-77 3.722821818887785e-05
287.0 0.9858364681259169 0.014124821441649827 1.4550693628563506e-07 7.63820643293902e-77 3.8564925496805677e-05
288.0 0.98562834776543 0.014331558872688293 1.5364218652369057e-07 1.4489795116465242e-76 3.9939719694992056e-05
289.0 0.9854186692811906 0.01453981517774478 1.621707084284447e-07 2.7365752280266477e-76 4.135337035591778e-05
290.0 0.985207437663481 0.014749584573504126 1.7110834892835054e-07 5.14572706665497e-76 4.280665466595291e-05
291.0 0.9849946579939552 0.014960861177239387 1.8047145343463982e-07 9.633851641756863e-76 4.4300357351938614e-05
292.0 0.9847803354436283 0.015173639008889489 1.9027687634485666e-07 1.7959175099181945e-75 4.58352706056894e-05
293.0 0.984564475270879 0.015387911993122776 2.005419916138718e-07 3.3336895051463913e-75 4.74121940064559e-05
294.0 0.9843470828194696 0.01560367396138576 2.1128470338905953e-07 6.162190097456054e-75 4.9031934441390434e-05
295.0 0.984128163516582 0.015820918653937206 2.225234567062638e-07 1.1343179627376335e-74 5.069530602405771e-05
296.0 0.9839077228708739 0.016039639721867022 2.3427724824313393e-07 2.0794220406662323e-74 5.2403130011034395e-05
297.0 0.9836857664705467 0.01625983072909953 2.4656563712634727e-07 3.796441279070904e-74 5.4156234716639274e-05
298.0 0.9834622999814374 0.01648148515438108 2.594087557892141e-07 6.903268943937021e-74 5.5955455425840014e-05
299.0 0.9832373291451223 0.01670459639325132 2.7282732087608126e-07 1.2502434145560843e-73 5.7801634305377406e-05
300.0 0.9830108597770439 0.016929157759998446 2.868426441899549e-07 2.255347217061564e-73 5.96956203131554e-05
301.0 0.9827828977646528 0.017155162489597576 3.014766436796792e-07 4.052550642156265e-73 6.163826910593813e-05
302.0 0.9825534490655675 0.01738260373963255 3.1675185446300687e-07 7.253650252746547e-73 6.363044294540153e-05
303.0 0.9823225197057573 0.017611474592200367 3.326914398818333e-07 1.2933456059623112e-72 6.567301060258238e-05
304.0 0.9820901157777381 0.017841768055798683 3.493192025858704e-07 2.297306120154998e-72 6.776684726077243e-05
305.0 0.9818562434387919 0.01807347706719569 3.666595956409706e-07 4.065235467002525e-72 6.991283441690142e-05
306.0 0.9816209089092025 0.0183065944932823 3.847377336583128e-07 7.16689678521658e-72 7.211185978145527e-05
307.0 0.9813841184705123 0.01854111313290691 4.0357940394062826e-07 1.258841470884687e-71 7.436481717697577e-05
308.0 0.9811458784637954 0.018777025718691713 4.232110776416155e-07 2.2030330651917335e-71 7.667260643518561e-05
309.0 0.9809061952879552 0.019014324918831135 4.4365992093469495e-07 3.8414616617361726e-71 7.903613329278673e-05
310.0 0.9806650753980354 0.0192530033388725 4.6495380618722814e-07 6.6744077959558086e-71 8.1456309285978e-05
311.0 0.9804225253035556 0.01949305352347746 4.871213231362895e-07 1.1555393955821506e-70 8.3934051643734e-05
312.0 0.9801785515668641 0.019734467958165844 5.101917900621231e-07 1.9935512418291284e-70 8.647028317989668e-05
313.0 0.9799331608015103 0.019977239071040456 5.341952649553466e-07 3.427325347022876e-70 8.906593218412023e-05
314.0 0.9796863596706381 0.020221359234493582 5.591625566740139e-07 5.87195898500595e-70 9.172193231171905e-05
315.0 0.979438154885397 0.020466820766894385 5.851252360865814e-07 1.0025931413131583e-69 9.44392224724589e-05
316.0 0.9791885532033762 0.020713615934258137 6.121156471969129e-07 1.7060611132054674e-69 9.721874671834378e-05
317.0 0.9789375614270553 0.020961736951895998 6.401669182473422e-07 2.893386850591771e-69 0.00010006145413043527
318.0 0.9786851864022763 0.02121117598604647 6.693129727959411e-07 4.890736197111554e-69 0.00010296829870475762
319.0 0.9784314350167344 0.02146192515548748 6.995885407640268e-07 8.239699355695275e-69 0.00010594023923732443
320.0 0.9781763141984922 0.021713976533130067 7.310291694500691e-07 1.3836660830479107e-68 0.00010897823920834107
321.0 0.9779198309145073 0.02196732214759246 7.636712345060405e-07 2.3160464677426902e-68 0.00011208326666561635
322.0 0.9776619921691863 0.022221953984755814 7.975519508724143e-07 3.864313588072736e-68 0.00011525629410723802
323.0 0.9774028050029522 0.022477863989300687 8.327093836678666e-07 6.427165617743138e-68 0.00011849829836354636
324.0 0.9771422764908382 0.022735044066224366 8.691824590298985e-07 1.0656176655458366e-67 0.00012181026047845452
325.0 0.9768804137410955 0.022993486082339656 9.070109749025373e-07 1.7612894026130347e-67 0.00012519316559015794
326.0 0.9766172238938222 0.023253181867754408 9.462356117672989e-07 2.9021500761262357e-67 0.00012864800281127265
327.0 0.9763527141196161 0.023514123217332216 9.868979433136593e-07 4.767395018492027e-67 0.00013217576510844768
328.0 0.9760868916182373 0.023776301892134175 1.02904044704525e-06 7.807764013295062e-67 0.00013577744918149063
329.0 0.9758197636173014 0.02403970962084193 1.0727065148181007e-06 1.2748775749938213e-66 0.00013945405534205113
330.0 0.9755513373709831 0.024304338101161813 1.1179404633071677e-06 2.0754792614012632e-66 0.00014320658739189914
331.0 0.9752816201587446 0.02457017900121006 1.1647875443975424e-06 3.368900103520875e-66 0.00014703605250084074
332.0 0.9750106192840805 0.02483722396087959 1.2132939554966727e-06 5.452419374094271e-66 0.0001509434610843118
333.0 0.9747383420732815 0.025105464593188055 1.2635068497640343e-06 8.798997244468631e-66 0.00015492982668068936
334.0 0.9744647958742182 0.025374892485607106 1.3154743462546321e-06 1.4158955306591945e-65 0.00015899616582835567
335.0 0.9741899880551445 0.025645499201373195 1.3692455399728816e-06 2.2719276372362885e-65 0.0001631434979425594
336.0 0.9739139260035157 0.025917276280780298 1.4248705118333538e-06 3.635248089612259e-65 0.0001673728451921095
337.0 0.9736366171248321 0.026190215242453702 1.4824003385249444e-06 5.800437917600576e-65 0.00017168523237593827
338.0 0.9733580688414925 0.026464307584605815 1.5418871022750566e-06 9.229654433368445e-65 0.00017608168679957074
339.0 0.973078288591674 0.026739544786273748 1.6033839005104964e-06 1.464598768123378e-64 0.00018056323815154052
340.0 0.9727972838282258 0.027015918308538868 1.66694485541173e-06 2.3177733441254934e-64 0.00018513091837978434
341.0 0.9725150620175809 0.02729341959572793 1.732625123357254e-06 3.6580760172487834e-64 0.00018978576156805063
342.0 0.9722316306386866 0.027572040076596797 1.8004809042548772e-06 5.758033893711521e-64 0.00019452880381236044
343.0 0.9719469971819554 0.02785177116549605 1.8705694507567706e-06 9.039524417594967e-64 0.00019936108309755282
344.0 0.9716611691482296 0.02813260426351891 1.942949077355145e-06 1.4153923695641942e-63 0.00020428363917394788
345.0 0.9713741540477647 0.02841453075963168 2.0176791693555424e-06 2.2104359336683728e-63 0.00020929751343416356
346.0 0.9710859593992318 0.028697542031786396 2.0948201917246836e-06 3.4431712675662627e-63 0.00021440374879011439
347.0 0.9707965927287353 0.028981629448016497 2.1744336978100143e-06 5.349689980864076e-63 0.00021960338955023033
348.0 0.9705060615688502 0.029266784367514963 2.2565823379279728e-06 8.290819751559891e-63 0.000224897481296922
349.0 0.970214373457673 0.029552998141695173 2.341329867818203e-06 1.2816654113173728e-62 0.00023028707076432512
350.0 0.9699215359378913 0.02984026211523531 2.4287411569609177e-06 1.976375867425434e-62 0.00023577320571635708
351.0 0.9696275565558732 0.030128567627105 2.5188821967546987e-06 3.0401244123996924e-62 0.00024135693482510992
352.0 0.9693324428607657 0.03041790601157615 2.6118201085521116e-06 4.664974253944528e-62 0.00024703930754961664
353.0 0.9690362024036171 0.03070826859921624 2.7076231515504566e-06 7.14088872432321e-62 0.00025282137401501023
354.0 0.9687388427365115 0.030999646717865776 2.8063607305352465e-06 1.0904589913381898e-61 0.00025870418489211286
355.0 0.9684403714117202 0.03129203169359879 2.908103403473797e-06 1.661228239644459e-61 0.000264688791277474
356.0 0.9681407959808693 0.03158541485166782 3.012922888956696e-06 2.5247646781078332e-61 0.00027077624457389507
357.0 0.9678401239941232 0.031879787517431805 3.1208920734845977e-06 3.828183786255387e-61 0.00027696759637145144
358.0 0.9675383629993835 0.032175141017268996 3.232085018598258e-06 5.7909987375950146e-61 0.00028326389832905596
359.0 0.9672355205415023 0.03247146667947332 3.346576967849477e-06 8.73999987379196e-61 0.00028966620205657324
360.0 0.9669316041615137 0.0327687558351352 3.4644443536108133e-06 1.3160579181111887e-60 0.0002961755589975181
361.0 0.9666266213958767 0.0330669998190072 3.5857648037220417e-06 1.977208462904503e-60 0.0003027930203123605
362.0 0.9663205797757355 0.0333661899703538 3.7106171479712606e-06 2.963821006227059e-60 0.0003095196367624594
363.0 0.9660134868261951 0.033666317633785935 3.8390814244087135e-06 4.432835515037078e-60 0.00031635645859464577
364.0 0.9657053500656074 0.03396737416008059 3.971238885491488e-06 6.615297613530526e-60 0.0003233045354264829
365.0 0.9653961770048782 0.03426935090698562 4.107172004057234e-06 9.850611433006979e-60 0.00033036491613222345
366.0 0.9650859751467823 0.03457223924000896 4.2469644791250845e-06 1.4636284327925643e-59 0.0003375386487294783
367.0 0.9647747519852979 0.03487603053319399 4.390701241522205e-06 2.170001671412311e-59 0.0003448267802666262
368.0 0.9644625150049497 0.03518071616987984 4.538468459334314e-06 3.210395436841343e-59 0.00035223035671098186
369.0 0.9641492716801714 0.035486287543447556 4.6903535431785145e-06 4.739513742620905e-59 0.0003597504228377353
370.0 0.9638350294746773 0.035792736058051736 4.846445151297162e-06 6.982216724607692e-59 0.00036738802211969265
371.0 0.963519795840849 0.03610005312933859 5.0068331944711485e-06 1.026465949634008e-58 0.00037514419661782624
372.0 0.9632035782191375 0.03640823018514906 5.171608840751298e-06 1.5058953006417669e-58 0.00038301998687265365
373.0 0.9628863840374738 0.0367172586662095 5.340864520006739e-06 2.2047089368064508e-58 0.00039101643179647265
374.0 0.9625682207106977 0.03702713002680752 5.5146939282888525e-06 3.2212258003449844e-58 0.0003991345685664546
375.0 0.9622490956399944 0.03733783573545474 5.693192032009593e-06 4.6969029733984155e-58 0.000407375432518615
376.0 0.9619290162123488 0.03764936727553656 5.876455071933503e-06 6.834858665213444e-58 0.0004157400570426934
377.0 0.9616079898000073 0.03796171614594793 6.064580566981782e-06 9.926175730357584e-58 0.0004242294734779265
378.0 0.9612860237599556 0.0382748738617168 6.257667317848058e-06 1.4387181438241903e-57 0.00043284471100976283
379.0 0.9609631254334077 0.038588831954614364 6.455815410424587e-06 2.081218210834931e-57 0.0004415867965675076
380.0 0.9606393021453057 0.038903581973752335 6.65912621903813e-06 3.0047917231043967e-57 0.000450456754722918
381.0 0.9603145612038327 0.03921911548616789 6.867702409494977e-06 4.3298479458216544e-57 0.00045945560758977374
382.0 0.9599889098999375 0.03953542407739631 7.0816479419341175e-06 6.227288900500469e-57 0.00046858437472441645
383.0 0.9596623555068687 0.03985249935203052 7.301068073488063e-06 8.939227640708407e-57 0.0004778440730272793
384.0 0.9593349052797241 0.04017033293426952 7.52606936075093e-06 1.2808021285349436e-56 0.00048723571664542376
385.0 0.9590065664550076 0.0404889164684541 7.75675966205297e-06 1.8316881095405423e-56 0.0004967603168760821
386.0 0.9586773462501987 0.04080824161959056 7.99324813954125e-06 2.6146572610616733e-56 0.0005064188820712198
387.0 0.9583472518633325 0.041128300073863464 8.235645261066357e-06 3.725443792573548e-56 0.0005162124175431397
388.0 0.9580162904725914 0.04144908353913591 8.484062801874267e-06 5.298433076394058e-56 0.0005261419254711142
389.0 0.9576844692359057 0.041770583745438974 8.73861384610379e-06 7.521928532169971e-56 0.0005362084048090802
390.0 0.9573517952905675 0.04209279244544976 8.999412788088834e-06 1.0659315640198177e-55 0.0005464128511943836
391.0 0.9570182757528509 0.04241570141495788 9.266575333465633e-06 1.507834962830055e-55 0.0005567562568575929
392.0 0.956683917717645 0.04273930245332156 9.54021850008498e-06 2.1291614689361147e-55 0.0005672396105333885
393.0 0.9563487282580962 0.043063587383912444 9.820460618729225e-06 3.001231972956307e-55 0.0005778638973725343
394.0 0.9560127144252618 0.04338854805454963 1.0107421333634028e-05 4.223111261081771e-55 0.0005886300988549285
395.0 0.9556758832477696 0.04371417633792361 1.0401221602815556e-05 5.93216512775834e-55 0.0005995391927037647
396.0 0.955338241731492 0.04404046413200911 1.0701983698202308e-05 8.318545325783714e-55 0.0006105921528007728
397.0 0.9549997968592234 0.044367403360468315 1.1009831205572898e-05 1.1645030536958538e-54 0.000621789949102586
398.0 0.9546605555903742 0.04469498597304319 1.1324889024299187e-05 1.6274158787497963e-54 0.000633133547558203
399.0 0.954320524860667 0.045023203945938374 1.1647283366895406e-05 2.2705269850229314e-54 0.0006446239100275684
400.0 0.9539797115818461 0.04535204928219409 1.1977141758374056e-05 3.1624994669629956e-54 0.0006562619942012808
401.0 0.9536381226413942 0.04568151401204888 1.2314593035408284e-05 4.3975961842592747e-54 0.000668048753521414
402.0 0.9532957649022583 0.046011590193293116 1.2659767345301712e-05 6.105014375011136e-54 0.0006799851371034653
403.0 0.9529526452025825 0.04634226991161316 1.3012796144766412e-05 8.461547634497413e-54 0.0006920720896594461
404.0 0.9526087703554535 0.04667354528092566 1.3373812198508937e-05 1.170873412188963e-53 0.0007043105514220846
405.0 0.952264147148649 0.047005408443703024 1.3742949577625947e-05 1.6176044005400765e-53 0.0007167014580701822
406.0 0.9519187823443974 0.04733785157128962 1.4120343657809387e-05 2.231218414342968e-53 0.0007292457406550945
407.0 0.9515726826791452 0.04767086686420932 1.45061311173623e-05 3.0727296189660527e-53 0.0007419443255283557
408.0 0.9512258548633309 0.04800444655246367 1.4900449935026177e-05 4.224975143930033e-53 0.0007547981342704418
409.0 0.9508783055811698 0.048338582895821915 1.53034393876204e-05 5.800247501919452e-53 0.0007678080836206748
410.0 0.9505300414904423 0.04867326818410209 1.5715240047494734e-05 7.950535950710178e-53 0.0007809750854082651
411.0 0.9501810692222916 0.04900849473744401 1.6135993779796197e-05 1.0881247953791777e-52 0.0007943000464845048
412.0 0.9498313953810311 0.049344254906573196 1.6565843739550403e-05 1.4869565893925073e-52 0.0008077838686560854
413.0 0.9494810265439542 0.04968054107305787 1.700493436855964e-05 2.028896852998874e-52 0.0008214274486195803
414.0 0.9491299692611543 0.0500173456495565 1.745341139211748e-05 2.7641939381899027e-52 0.000835231677897046
415.0 0.9487782300553531 0.05035466108005845 1.7911421815541804e-05 3.760353177131331e-52 0.0008491974427727757
416.0 0.9484258154217322 0.05069247984011605 1.8379113920527367e-05 5.107931008944312e-52 0.0008633256242311895
417.0 0.9480727318277732 0.05103079443706968 1.8856637261318737e-05 6.928230062844613e-52 0.0008776170978958632
418.0 0.9477189857131054 0.05136959741026439 1.934414266070481e-05 9.383504290816799e-52 0.0008920727339696821
419.0 0.9473645834893584 0.05170888133125989 1.98417822058369e-05 1.2690473733583707e-51 0.0009066933971761471
420.0 0.9470095315400215 0.052048638804032765 2.0349709243870713e-05 1.7138197107399587e-51 0.0009214799467017977
421.0 0.9466538362203113 0.05238886246517135 2.086807837743402e-05 2.3111674398477245e-51 0.0009364332361397648
422.0 0.9462975038570417 0.052729544984063764 2.1397045459921823e-05 3.112297333556697e-51 0.0009515541134344623
423.0 0.9459405407485031 0.053070679063078705 2.193676759061922e-05 4.1852221686715123e-51 0.0009668434208273792
424.0 0.9455829531643467 0.05341225743773951 2.2487403109654994e-05 5.620151871844831e-51 0.000982301994804018
425.0 0.945224747345474 0.05375427287689131 2.3049111592786036e-05 7.536574129614107e-51 0.0009979306660419303
426.0 0.9448659295039327 0.05409671818286144 2.3622053846014587e-05 1.009254138414836e-50 0.001013730259359868
427.0 0.9445065058228183 0.05443958619161358 2.4206391900040413e-05 1.349683546546326e-50 0.0010297015936680538
428.0 0.944146482456181 0.05478286977289505 2.480228900454851e-05 1.8024880370429283e-50 0.001045845481919547
429.0 0.9437858655289372 0.055126561830377944 2.540990962233431e-05 2.403953063568046e-50 0.0010621627310627058
430.0 0.943424661136788 0.05547065530179405 2.602941942326864e-05 3.2018193633747247e-50 0.001078654141994762
431.0 0.9430628753461419 0.055815143159063545 2.6660985278102787e-05 4.258816968536471e-50 0.0010953205095164675
432.0 0.9427005141940427 0.05616001840841751 2.730477525211676e-05 5.657264052376872e-50 0.0011121626222878411
433.0 0.9423375836881015 0.056505274090514916 2.7960958598611408e-05 7.505043793199182e-50 0.0011291812627849925
434.0 0.9419740898064367 0.05685090328055323 2.862970575224636e-05 9.943362292278692e-50 0.001146377207258013
435.0 0.9416100384976142 0.057196899088373575 2.931118832222616e-05 1.3156805569927458e-49 0.0011637512256899524
436.0 0.9412454356805973 0.057543254658560423 3.0005579085335556e-05 1.7386360629902666e-49 0.0011813040817568539
437.0 0.9408802872446972 0.05788996317053526 3.0713051978825834e-05 2.294625319229921e-49 0.0011990365327888377
438.0 0.9405145990495292 0.05823701783864526 3.1433782093154964e-05 3.0245693896732456e-49 0.0012169493297322592
439.0 0.9401483769249762 0.05858441191224616 3.216794566458177e-05 3.981692938993549e-49 0.0012350432171128896
440.0 0.9397816266711517 0.05893213867578043 3.291572006761778e-05 5.235138215623422e-49 0.0012533189330001613
441.0 0.9394143540583706 0.05928019144884976 3.367728380733713e-05 6.874615516251552e-49 0.00127177720897243
442.0 0.9390465648271225 0.059628563586282594 3.445281651154705e-05 9.016380196195811e-49 0.0012904187700832678
443.0 0.9386782646880515 0.059977248478197055 3.5242498922821425e-05 1.1810905449396653e-48 0.0013092443348287901
444.0 0.9383094593219354 0.06032623955005823 3.604651289039793e-05 1.5452720292456296e-48 0.0013282546151159773
445.0 0.9379401543796746 0.06067553026273152 3.686504136194207e-05 2.019300890052005e-48 0.0013474503162320196
446.0 0.9375703554822795 0.06102511411253059 3.769826837517949e-05 2.6355727483638124e-48 0.0013668321368146587
447.0 0.9372000682208663 0.06137498463126086 3.8546379049398104e-05 3.4358196795128103e-48 0.0013864007688235128
448.0 0.9368292981566522 0.061725135386258616 3.940955957682312e-05 4.473738278925076e-48 0.0014061568975124038
449.0 0.9364580508209578 0.062075559980425674 4.028799721386597e-05 5.818339819603227e-48 0.001426101201402656
450.0 0.9360863317152109 0.06242625205225933 4.118188027224936e-05 7.55821604352627e-48 0.0014462343522573587
451.0 0.9357141463109552 0.06277720527587827 4.209139811001097e-05 9.80696469899889e-48 0.0014665570150566055
452.0 0.9353415000498596 0.06312841336104426 4.3016741122387414e-05 1.2710082377114402e-47 0.0014870698479736862
453.0 0.9349683983437359 0.06347987005317948 4.395810073257991e-05 1.645371170174098e-47 0.0015077735023522115
454.0 0.934594846574553 0.06383156913338033 4.491566938240564e-05 2.1275729445898493e-47 0.001528668622684213
455.0 0.9342208500944618 0.06418350441842646 4.58896405228343e-05 2.7479786588329376e-47 0.0015497558465891385
456.0 0.9338464142258153 0.06453566976078645 4.688020860441362e-05 3.545306676168145e-47 0.0015710358047937895
457.0 0.9334715442611994 0.06488805904861981 4.788756906758608e-05 4.568872349169005e-47 0.0015925091211131878
458.0 0.9330962454634604 0.06524066620577457 4.891191833289707e-05 5.881419836965288e-47 0.0016141764124323222
459.0 0.9327205230657386 0.06559348519178165 4.9953453791099e-05 7.562692329941599e-47 0.0016360382886888183
460.0 0.9323443822715045 0.06594651000184577 5.101237379315156e-05 9.713928434776142e-47 0.0016580953528564967
461.0 0.9319678282545976 0.06629973466683242 5.2088877640120903e-05 1.2463518991350989e-46 0.0016803482009298042
462.0 0.9315908661592666 0.06665315325325138 5.318316557298017e-05 1.597411633403292e-46 0.0017027974219091337
463.0 0.9312135011002132 0.06700675986323747 5.429543876231311e-05 2.045155960698991e-46 0.0017254435977870097
464.0 0.93083573816264 0.06736054863452692 5.5425899297922106e-05 2.615606843129007e-46 0.0017482873035351153
465.0 0.9304575824022978 0.06771451374043175 5.6574750178345114e-05 3.341626696920576e-46 0.0017713291070922067
466.0 0.9300790388455371 0.06806864938980957 5.774219530027998e-05 4.2646736102693334e-46 0.00179456956935282
467.0 0.9297001124893635 0.06842294982703155 5.892843944792211e-05 5.436995899472895e-46 0.001818009244156861
468.0 0.9293208083014913 0.06877740933194659 6.0133688282214746e-05 6.924373202005024e-46 0.0018416486782799875
469.0 0.9289411312204026 0.06913202221984249 6.135814833001444e-05 8.809536784011044e-46 0.001865488411424808
470.0 0.9285610861554093 0.06948678284140468 6.260202697317613e-05 1.1196433112682713e-45 0.0018895289762129177
471.0 0.9281806779867132 0.06984168558267152 6.386553243755611e-05 1.4215533337079774e-45 0.0019137708981776965
472.0 0.9277999115654731 0.07019672486498701 6.51488737819378e-05 1.8030438749997394e-45 0.0019382146957579124
473.0 0.9274187917138697 0.07055189514495118 6.645226088688224e-05 2.2846090535543662e-45 0.0019628608802921233
474.0 0.9270373232251758 0.070907190914367 6.777590444350331e-05 2.89189635346443e-45 0.001987709956013818
475.0 0.9266555108638254 0.07126260670018524 6.912001594217233e-05 3.656971129099031e-45 0.002012762420047349
476.0 0.9262733593654877 0.07161813706444661 7.048480766115268e-05 4.619883680224682e-45 0.00203801876240461
477.0 0.925890873437141 0.07197377660422147 7.18704926551661e-05 5.830609447634726e-45 0.0020634794659824553
478.0 0.9255080577571485 0.07232951995154681 7.327728474389434e-05 7.351448896756055e-45 0.002089145006560865
479.0 0.9251249169753367 0.07268536177336116 7.470539850041715e-05 9.25999321215545e-45 0.002115015852801841
480.0 0.9247414557130745 0.07304129677143695 7.61550492395876e-05 1.1652785778890976e-44 0.002141092466249005
481.0 0.9243576785633548 0.07339731968231078 7.762645300635007e-05 1.4649838495204288e-44 0.0021673753013279366
482.0 0.9239735900908778 0.07375342527721125 7.911982656399903e-05 1.8400197353447486e-44 0.002193864805347193
483.0 0.9235891948321331 0.0741096083619845 8.063538738238293e-05 2.308879477943329e-44 0.0022205614185000166
484.0 0.9232044972954887 0.07446586377701846 8.217335362605581e-05 2.8944878546035686e-44 0.002247465573866768
485.0 0.922819501961276 0.0748221863971634 8.373394414237544e-05 3.625237061538563e-44 0.0022745776974179696
486.0 0.92243421328188 0.07517857113165229 8.531737844955454e-05 4.536258635022438e-44 0.0023018982080180886
487.0 0.9220486356818276 0.0755350129240181 8.692387672466314e-05 5.670983797553653e-44 0.00232942751742993
488.0 0.9216627735578798 0.07589150675200887 8.855365979158494e-05 7.083055933760571e-44 0.0023571660303196794
489.0 0.9212766312791261 0.07624804762750223 9.020694910893288e-05 8.838672594463723e-44 0.0023851141442626338
490.0 0.9208902131870758 0.07660463059641681 9.188396675792071e-05 1.1019450983176134e-43 0.002413272249749516
491.0 0.9205035235957543 0.07696125073862212 9.358493543019553e-05 1.3725930878496248e-43 0.0024416407301934197
492.0 0.9201165667917993 0.07731790316784755 9.531007841563467e-05 1.7081853083970787e-43 0.002470219961937413
493.0 0.9197293470345586 0.07767458303158838 9.705961959010393e-05 2.123938060605026e-43 0.0024990103142626856
494.0 0.9193418685561883 0.07803128551101107 9.883378340318495e-05 2.6385464835066374e-43 0.0025280121493973487
495.0 0.9189541355617515 0.07838800582085663 0.00010063279486586891 3.2749601230881812e-43 0.002557225822525793
496.0 0.9185661522293207 0.07874473920934247 0.00010245687953822098 4.061326981054406e-43 0.002586651681798641
497.0 0.9181779227100771 0.07910148095806242 0.00010430626351701654 5.032141678848407e-43 0.0026162900683432636
498.0 0.9177894511284159 0.07945822638188595 0.00010618117342335206 6.22964070418927e-43 0.0026461413162748807
499.0 0.9174007415820464 0.07981497082885518 0.00010808183639022961 7.705496505891537e-43 0.002676205752708185
500.0 0.9170117981420994 0.08017170968008099 0.00011000848005012145 9.522872752220201e-43 0.002706483697769546
501.0 0.9166226248532301 0.08052843834963766 0.0001119613325225117 1.1758915706825141e-42 0.0027369754646097344
502.0 0.9162332257337253 0.0808851522844562 0.00011394062240142109 1.4507771806114483e-42 0.00276768135941719
503.0 0.9158436047756091 0.08124184696421594 0.00011594657874291238 1.788423961934613e-42 0.0027986016814317916
504.0 0.9154537659447523 0.08159851790123579 0.00011797943105258266 2.202818600280759e-42 0.002829736722959167
505.0 0.9150637131809778 0.08195516064036353 0.00012003940927304088 2.7109882091527492e-42 0.002861086769385494
506.0 0.9146734503981716 0.08231177075886416 0.00012212674377137407 3.333644559834129e-42 0.0028926520991928066
507.0 0.9142829814843918 0.08266834386630702 0.00012424166532660238 4.0959612647948384e-42 0.002924432983974772
508.0 0.9138923103019775 0.08302487560445222 0.00012638440511712835 5.028510617048394e-42 0.0029564296884529925
509.0 0.9135014406876627 0.08338136164713539 0.0001285551947081759 6.168392002312397e-42 0.0029886424704937274
510.0 0.9131103764526839 0.08373779770015165 0.00013075426603922775 7.560590004319011e-42 0.0030210715811251235
511.0 0.9127191213828942 0.08409417950113912 0.00013298185141145805 9.259607698245334e-42 0.0030537172645548932
512.0 0.9123276792388763 0.08445050281946019 0.00013523818347516194 1.1331429387512446e-41 0.0030865797581884134
513.0 0.9119360537560522 0.08480676345608333 0.00013752349521718862 1.385587743773792e-41 0.0031196592926473203
514.0 0.9115442486448002 0.0851629572434627 0.00013983801994837247 1.6929440195624425e-41 0.0031529560917884897
515.0 0.9111522675905676 0.08551908004541812 0.00014218199129096952 2.0668662599528298e-41 0.003186470372723474
516.0 0.9107601142539826 0.0858751277570128 0.0001445556431660979 2.5214208402970836e-41 0.003220202345838342
517.0 0.9103677922709729 0.08623109630443174 0.00014695920978118542 3.073572342453515e-41 0.0032541522148139537
518.0 0.9099753052528781 0.0865869816448581 0.00014939292561742313 3.743765347310185e-41 0.003288320176646595
519.0 0.9095826567865644 0.08694277976634945 0.00015185702541723115 4.5566199239381785e-41 0.0033227064216690585
520.0 0.9091898504345427 0.08729848668771345 0.00015435174417173327 5.541762427017112e-41 0.0033573111335720874
521.0 0.9087968897350833 0.08765409845838219 0.00015687731710824467 6.734817206047395e-41 0.003392134489426199
522.0 0.9084037782023318 0.08800961115828647 0.00015943397967777426 8.178589537481895e-41 0.0034271766597038966
523.0 0.9080105193264263 0.08836502089772902 0.00016202196754254108 9.92447563872276e-41 0.0034624378083022342
524.0 0.9076171165736133 0.08872032381725745 0.00016464151656350875 1.2034142156325614e-40 0.003497918092565749
525.0 0.9072235733863657 0.0890755160875364 0.000167292862787938 1.4581525209476944e-40 0.0035336176633097515
526.0 0.9068298931834998 0.08943059390921908 0.00016997624243695773 1.7655208111936018e-40 0.0035695366648439398
527.0 0.9064360793602921 0.0897855535128184 0.00017269189189315963 2.1361247522099254e-40 0.003605675234996387
528.0 0.9060421352885966 0.09014039115857753 0.0001754400476882116 2.5826530250719687e-40 0.003642033505137814
529.0 0.905648064316963 0.09049510313634007 0.00017822094649049954 3.1202757602482263e-40 0.003678611600206246
530.0 0.9052538697707558 0.0908496857654197 0.0001810348250927905 3.767117130563943e-40 0.003715409638731927
531.0 0.9048595549522684 0.09120413539446906 0.00018388192039992327 4.544815521734633e-40 0.003752427732862576
532.0 0.9044651231408457 0.09155844840134884 0.00018676246941652842 5.479187057385363e-40 0.0037896659883889525
533.0 0.9040705775929987 0.09191262119299588 0.00018967670923477576 6.601011015664809e-40 0.003827124504770701
534.0 0.903675921542524 0.0922666502052914 0.00019262487702215197 7.946958903210284e-40 0.003864803375162493
535.0 0.9032811582006217 0.09262053190292847 0.00019560721000927122 9.560692726360696e-40 0.0039027026864404657
536.0 0.9028862907560139 0.09297426277927921 0.0001986239454777172 1.1494162408428934e-39 0.0039408225192289065
537.0 0.9024913223750627 0.093327839356262 0.00020167532074792034 1.3809137448994334e-39 0.003979162947927251
538.0 0.9020962562018876 0.0936812581842081 0.00020476157316706988 1.6579013926263085e-39 0.004017724040737314
539.0 0.9017010953584845 0.09403451584172784 0.00020788294009706036 1.989094494514076e-39 0.004056505859690771
540.0 0.9013058429448435 0.09438760893557717 0.00021103965890248024 2.3848350791912865e-39 0.004095508460676939
541.0 0.9009105020390672 0.09474053410052333 0.00021423196693863474 2.857387455640837e-39 0.004134731893470754
542.0 0.9005150756974887 0.09509328799921062 0.00021746010153961002 3.421286003795664e-39 0.004174176201761
543.0 0.9001195669547888 0.09544586732202606 0.00022072430000638009 4.09374416089848e-39 0.004213841423178804
544.0 0.8997239788241141 0.09579826878696446 0.00022402479959495212 4.8951350654142864e-39 0.004253727589326294
545.0 0.899328314297196 0.09615048913949392 0.00022736183750455847 5.8495560561389925e-39 0.0042938347258055475
546.0 0.8989325763444654 0.09650252515242085 0.00023073565086589103 6.985491239207916e-39 0.0043341628522477185
547.0 0.8985367679151739 0.09685437362575443 0.00023414647672937951 8.336588673470005e-39 0.004374711982342357
548.0 0.8981408919375076 0.09720603138657205 0.000237594552053519 9.942571435183862e-39 0.004415482123866978
549.0 0.8977449513187059 0.09755749528888391 0.00024108011369324315 1.1850304963735812e-38 0.004456473278716812
550.0 0.8973489489451798 0.09790876221349723 0.0002446033983883434 1.4115046727196932e-38 0.004497685442934702
551.0 0.8969528876826255 0.09825982906788139 0.0002481646427519418 1.680190845596126e-38 0.004539118606741269
552.0 0.8965567703761439 0.09861069278603204 0.00025176408325900963 1.9987566061588758e-38 0.004580772754565186
553.0 0.8961605998503552 0.09896135032833613 0.0002554019562349396 2.3762257986321415e-38 0.004622647865073673
554.0 0.8957643789095165 0.09931179868143587 0.00025907849784416936 2.8232119231181587e-38 0.004664743911203135
555.0 0.8953681103376376 0.09966203485809356 0.0002627939440788565 3.3521905818462727e-38 0.004707060860189983
